112,200,203
53,87,151
90,118,247
16,224
125,291
153
126,261
160,264
57,308
233,304
120,169,221
8,17,147
202,280
127,300
10,192
164,287,314
131,187
59,179
46,109
137,215
94,307
140,230
77,150,252
107,142
113,207
37,69,159
134,270
18,65
23,220,273
15,309
198,293
60,149,285
208,227
117,257
157,194,206
71,78,258
91,248,311
84,232
13,196
52,319
51,148
96,106
44,76
195,313
111
82,116,172
128,201,320
54,231,298
22,41,161
0,242
177,274
154,181
50,162,241
45,85,272
19,74
86,290
139,277
36,110,237
240,317
98,217
97,188
5,103
121,254,306
234,286
7,210
101,138,173
105,244
62,144
25,238,321
228,239
43,130
165,225
31,102,262
135,205
29,99,299
152,185
63,289
180,213
49,223,229
92,214
259,266,301
34,246
83,133,141,267
70,129,219
21,186
168,265
123,253
20,42,79
12,108,216
4,318
95,292
114,302
167,303
209,268,310
26,166
66,88
100,158
236,279
156,184
182,295
276
14,32
199,218
61,190
11,124
47,251
163,256
3,115
9,174
2,250
136,297,316
40,222
39,145,288
28,104
197,255
260,312
189,282
146,170
119,193
35,89
56,243
24,48
80,183,322
58,283
30,305
38,155,235
55,211,294
67,212,275
93,191
175,249
132,143,226
1,284
171,271
178,263
27,245,278
64,122
81,315,323
33,73
75,176
6,204,296
68,269
72,281
