1,27,29,142,164,245,270,278,287,322
7,28,44,76,95,144,210,282
31,80,85,149,240,272,318
33,119,193,218,223,297,308
65,78,103,188
71,226,258,286
38,228
18,66,75,176,178,212
13,16,57,96,98,106,120,147,158,168,177,204
127,165,189,196,313
14,60,82,93,102,111,116,170,172,191,197,262,285,305
67,160,185,187,198,230,232,307
86,155,235,243
54,242,261
10,227,251,309
9,51,208,236,248,256,265,311
6,25,94,97,129,219,263,277,293
70,134,146,166,181,202,217,225
105,281
99,108,156,195,216,249,295,299,312
8,35,107,184,224
112,171,183,203
43,48,182
5,104,136,199,300,316
11,15,19,34,50,81,117,247,315
30,32,55,58,84,89,238,253,283,294,321
21,47,186,259,301
141,192,222
123,162,254,257,279,320
77,83,109,121,122,133,150,234,267,306
22,49,91,101,138,161,173,174
115,130,163,179,215,220,264,273,319
3,23,26,63,114,207,239
40,46,252,266
2,69,87,154,205,209,268
41,45,53,61,64,68,73,151,180,200,250,274,284,310
20,42,56,79,90,113,124,125,126,140,153,231,298
24,131,280
0,213,214,233,260
4,88,296,304,314
37,135,157,159,194,244,323
137,139,148,211,229,269,271,275,317
12,59,62,92,132,143,175
17,36,52,100,110,169,221,237,292
152,276,303
167,190,289,302
39,74,118,128,145,201,241,246,255,288,290,291
72,206
